gamma1=40;
gamma2=1;
gamma3=0.005;
gamma4=0.005;
gamma5=200;

TAround=290;